6320 3791 2820
3791 1894 1895
1894 632 1329
632 333 327
333 51 303
51 0 51
51 25 30
25 0 25
25 0 25
25 6 21
21 6 18
18 6 14
14 10 6
30 0 30
30 0 30
30 22 10
22 14 14
14 0 14
14 6 10
14 14 0
14 6 10
303 148 173
148 0 148
148 0 148
148 84 82
84 13 77
13 0 13
13 0 13
13 0 13
13 6 10
77 0 77
77 33 50
33 10 28
28 22 10
22 6 19
19 14 10
14 10 6
50 26 32
26 26 0
26 14 18
14 0 14
14 14 0
14 6 10
18 14 6
14 14 0
14 10 6
32 26 10
26 14 17
14 0 14
14 14 0
14 6 10
17 14 6
14 10 6
82 69 22
69 0 69
69 37 45
37 14 30
14 10 6
30 30 0
30 22 14
22 6 18
18 18 0
18 10 10
14 14 0
14 14 0
14 0 14
14 6 10
45 26 22
26 22 6
22 6 18
18 6 14
14 14 0
14 14 0
14 10 6
22 16 10
16 10 10
22 0 22
22 22 0
22 22 0
22 16 10
16 10 10
173 113 73
113 46 84
46 14 39
14 0 14
14 0 14
14 0 14
14 6 10
39 22 21
22 10 18
18 6 14
14 0 14
14 6 10
21 18 6
18 18 0
18 10 10
84 37 49
37 0 37
37 18 19
18 0 18
18 10 10
19 14 11
14 0 14
14 10 6
11 0 11
11 9 3
49 49 0
49 38 22
38 10 30
30 18 14
18 18 0
18 0 18
18 0 18
18 18 0
18 0 18
18 10 10
14 6 10
22 0 22
22 22 0
22 22 0
22 6 18
18 6 14
14 14 0
14 14 0
14 10 6
73 34 49
34 22 22
22 14 10
14 0 14
14 0 14
14 6 10
22 14 10
14 14 0
14 14 0
14 6 10
49 49 0
49 41 10
41 14 27
14 0 14
14 6 10
27 27 7
27 27 0
27 22 7
22 22 0
22 14 10
14 14 0
14 0 14
14 6 10
327 10 321
321 202 139
202 202 0
202 0 202
202 150 74
150 106 59
106 0 106
106 53 66
53 26 38
26 22 6
22 10 14
14 6 10
38 32 10
32 16 20
16 10 10
20 14 10
14 14 0
14 10 6
66 28 45
28 22 10
22 22 0
22 14 14
14 10 6
14 10 6
45 35 18
35 30 10
30 13 20
13 6 10
20 20 0
20 18 6
18 10 10
18 6 14
14 6 10
59 0 59
59 26 44
26 26 0
26 20 10
20 6 18
18 14 6
14 14 0
14 6 12
12 6 6
44 38 10
38 34 6
34 20 22
20 10 10
22 18 6
18 18 0
18 10 10
74 0 74
74 0 74
74 52 42
52 41 14
41 35 10
35 24 20
24 10 14
14 14 0
14 10 6
20 14 6
14 10 6
14 10 6
42 30 14
30 26 6
26 18 10
18 10 10
14 10 6
139 115 28
115 34 91
34 0 34
34 22 16
22 14 14
14 6 10
14 14 0
14 6 10
16 6 13
13 0 13
13 6 10
91 63 48
63 6 57
57 0 57
57 44 24
44 28 18
28 24 6
24 14 14
14 10 6
14 0 14
14 14 0
14 0 14
14 10 6
18 14 6
14 0 14
14 14 0
14 10 6
24 24 0
24 18 10
18 6 14
14 6 10
48 10 40
40 10 30
30 25 17
25 9 18
18 14 6
14 14 0
14 14 0
14 10 6
17 9 9
28 0 28
28 0 28
28 28 0
28 10 22
22 0 22
22 22 0
22 22 0
22 0 22
22 10 14
14 14 0
14 0 14
14 14 0
14 14 0
14 10 6
1329 429 912
429 296 170
296 172 165
172 126 52
126 37 102
37 14 29
14 0 14
14 0 14
14 0 14
14 6 10
29 6 25
25 18 14
18 6 14
14 6 10
14 14 0
14 10 6
102 57 61
57 43 18
43 10 38
38 6 34
34 22 14
22 0 22
22 0 22
22 6 18
18 10 10
14 10 6
18 18 0
18 14 6
14 10 6
61 61 0
61 39 36
39 10 34
34 22 14
22 0 22
22 14 10
14 0 14
14 14 0
14 0 14
14 6 10
14 14 0
14 14 0
14 10 6
36 26 13
26 26 0
26 22 6
22 10 14
14 6 10
13 13 0
13 10 6
52 46 10
46 22 34
22 14 10
14 0 14
14 0 14
14 6 10
34 22 16
22 22 0
22 14 14
14 6 10
14 6 10
16 10 10
165 136 31
136 65 79
65 43 38
43 26 21
26 0 26
26 14 18
14 0 14
14 6 10
18 0 18
18 10 10
21 18 6
18 0 18
18 10 10
38 22 18
22 0 18
18 18 0
18 6 14
14 6 10
18 18 0
18 18 0
18 10 10
79 59 32
59 59 0
59 48 17
48 30 30
30 26 6
26 18 10
18 0 18
18 0 18
18 6 14
14 14 0
14 10 6
30 30 0
30 22 10
22 0 22
22 6 18
18 18 0
18 18 0
18 10 10
17 10 10
32 32 0
32 26 10
26 22 6
22 22 0
22 18 6
18 0 18
18 10 10
31 31 0
31 22 18
22 14 10
14 14 0
14 0 14
14 6 10
18 10 10
170 111 71
111 111 0
111 82 43
82 62 26
62 62 0
62 42 38
42 30 14
30 18 14
18 18 0
18 0 18
18 0 18
18 0 18
18 0 18
18 10 10
14 14 0
14 10 6
14 14 0
14 0 14
14 10 6
38 30 10
30 26 6
26 26 0
26 18 10
18 0 18
18 14 6
14 6 10
26 26 0
26 18 14
18 14 6
14 14 0
14 10 6
14 6 10
43 25 22
25 25 0
25 18 14
18 14 6
14 14 0
14 14 0
14 10 6
14 10 6
22 22 0
22 14 14
14 10 6
14 6 10
71 71 0
71 40 46
40 22 22
22 22 0
22 14 14
14 10 6
14 6 10
22 22 0
22 14 14
14 10 6
14 10 6
46 25 23
25 25 0
25 16 14
16 10 8
14 0 14
14 14 0
14 8 8
23 23 0
23 23 0
23 14 11
14 14 0
14 8 8
11 11 0
11 5 8
912 262 690
262 134 167
134 53 87
53 18 42
18 0 18
18 18 0
18 6 14
14 14 0
14 6 10
42 33 16
33 26 10
26 19 10
19 10 14
14 6 10
16 0 16
16 16 0
16 10 10
87 0 87
87 22 76
22 22 0
22 0 22
22 0 22
22 22 0
22 0 22
22 0 22
22 10 14
14 0 14
14 0 14
14 14 0
14 6 10
76 76 0
76 22 65
22 0 22
22 22 0
22 0 22
22 6 18
18 6 14
14 0 14
14 14 0
14 14 0
14 6 10
65 43 34
43 43 0
43 33 14
33 6 29
29 9 22
22 0 22
22 14 10
14 14 0
14 10 6
14 0 14
14 6 10
34 34 0
34 30 7
30 0 30
30 14 18
14 7 7
18 18 0
18 18 0
18 18 0
18 18 0
18 0 18
18 10 10
167 44 129
44 41 6
41 29 22
29 20 13
20 10 13
13 10 6
13 0 13
13 6 10
22 14 10
14 10 6
129 0 126
126 89 66
89 89 0
89 72 21
72 43 50
43 43 0
43 14 31
14 0 14
14 10 6
31 0 31
31 7 26
26 22 6
22 22 0
22 22 0
22 10 14
14 0 14
14 6 10
50 50 0
50 29 25
29 0 29
29 13 18
13 10 3
18 6 14
14 6 10
25 0 25
25 13 14
13 6 7
14 14 0
14 0 14
14 14 0
14 14 0
14 14 0
14 10 6
21 13 14
13 13 0
13 7 6
14 14 0
14 10 6
66 66 0
66 50 20
50 46 7
46 46 0
46 39 7
39 0 39
39 13 30
13 6 7
30 10 22
22 0 22
22 22 0
22 6 18
18 0 18
18 10 10
20 14 10
14 14 0
14 6 10
690 196 515
196 10 188
188 117 98
117 84 53
84 84 0
84 54 54
54 10 46
46 46 0
46 9 42
42 35 7
35 7 30
30 30 0
30 14 18
14 14 0
14 10 6
18 18 0
18 0 18
18 18 0
18 10 10
54 43 11
43 43 0
43 43 0
43 14 31
14 10 6
31 7 26
26 0 26
26 14 14
14 14 0
14 10 6
14 14 0
14 0 14
14 14 0
14 10 6
11 11 0
11 0 11
11 7 6
53 53 0
53 38 20
38 29 14
29 29 0
29 25 6
25 25 0
25 13 14
13 6 7
14 14 0
14 14 0
14 14 0
14 14 0
14 14 0
14 10 6
14 14 0
14 10 6
20 14 10
14 14 0
14 10 6
98 70 33
70 70 0
70 50 38
50 42 10
42 42 0
42 42 0
42 35 7
35 7 30
30 30 0
30 14 18
14 14 0
14 0 14
14 10 6
18 18 0
18 0 18
18 10 10
38 30 10
30 30 0
30 30 0
30 23 7
23 7 18
18 18 0
18 18 0
18 18 0
18 18 0
18 10 10
33 33 0
33 22 17
22 10 17
17 14 6
14 10 6
17 10 10
515 0 515
515 70 463
70 36 41
36 36 0
36 20 22
20 14 10
14 14 0
14 6 10
22 13 13
13 10 6
13 6 10
41 41 0
41 22 26
22 16 10
16 16 0
16 10 10
26 16 14
16 0 16
16 10 10
14 0 14
14 10 6
463 154 362
154 67 87
67 28 44
28 14 20
14 0 14
14 10 6
20 0 20
20 10 13
13 6 10
44 14 37
14 0 14
14 10 6
37 0 37
37 19 22
19 10 14
14 0 14
14 6 10
22 10 16
16 0 16
16 10 10
87 20 77
20 0 20
20 0 20
20 0 20
20 0 20
20 14 10
14 0 14
14 6 10
77 0 77
77 29 58
29 14 20
14 0 14
14 0 14
14 6 10
20 0 20
20 0 20
20 14 10
14 6 10
58 35 31
35 19 24
19 13 10
13 6 10
24 10 14
14 6 10
31 28 5
28 16 16
16 10 10
16 10 10
362 156 244
156 47 126
47 28 23
28 0 28
28 14 20
14 6 10
20 13 10
13 10 6
23 0 23
23 12 18
12 6 6
18 10 10
126 65 65
65 0 65
65 42 27
42 23 26
23 0 23
23 10 17
17 6 14
14 10 6
26 0 26
26 14 18
14 6 10
18 10 10
27 27 0
27 0 27
27 19 10
19 16 6
16 10 10
65 0 65
65 40 32
40 25 19
25 0 25
25 10 21
21 10 13
13 6 10
19 0 19
19 14 10
14 10 6
32 0 32
32 0 32
32 24 14
24 17 10
17 6 14
14 10 6
14 10 6
244 103 179
103 60 53
60 14 52
14 0 14
14 6 10
52 0 52
52 32 28
32 16 20
16 10 10
20 10 14
14 10 6
28 16 16
16 16 0
16 10 10
16 10 10
53 10 48
48 0 48
48 28 28
28 16 16
16 13 6
13 10 6
16 10 10
28 16 16
16 6 13
13 6 10
16 6 14
14 6 10
179 91 94
91 62 29
62 49 18
49 28 25
28 10 23
23 14 14
14 6 10
14 10 6
25 18 14
18 0 18
18 10 10
14 14 0
14 10 6
18 18 0
18 18 0
18 10 10
29 20 11
20 11 11
11 0 11
11 0 11
11 5 8
11 0 11
11 8 5
11 11 0
11 0 11
11 8 5
94 65 29
65 44 25
44 26 27
26 18 14
18 0 18
18 10 10
14 14 0
14 6 10
27 6 24
24 14 14
14 10 6
14 10 6
25 0 25
25 18 14
18 10 10
14 10 6
29 17 14
17 14 5
14 0 14
14 5 11
11 5 8
14 0 14
14 0 14
14 8 8
1895 632 1330
632 335 323
335 304 51
304 147 175
147 0 147
147 147 0
147 85 84
85 14 76
14 14 0
14 0 14
14 0 14
14 10 6
76 76 0
76 34 52
34 10 28
28 10 22
22 6 20
20 14 10
14 6 10
52 25 31
25 0 25
25 14 18
14 0 14
14 0 14
14 6 10
18 14 6
14 0 14
14 10 6
31 10 25
25 14 18
14 0 14
14 0 14
14 6 10
18 14 6
14 6 10
84 69 22
69 69 0
69 38 46
38 14 29
14 6 10
29 0 29
29 22 14
22 6 18
18 0 18
18 10 10
14 14 0
14 0 14
14 0 14
14 6 10
46 26 22
26 6 22
22 6 18
18 6 14
14 0 14
14 14 0
14 10 6
22 10 16
16 10 10
22 22 0
22 22 0
22 22 0
22 10 16
16 10 10
175 114 72
114 83 46
83 36 49
36 0 36
36 18 18
18 14 11
14 0 14
14 6 10
11 0 11
11 3 9
18 0 18
18 10 10
49 49 0
49 22 36
22 0 22
22 22 0
22 0 22
22 6 18
18 6 14
14 0 14
14 14 0
14 10 6
36 10 28
28 18 13
18 0 18
18 0 18
18 0 18
18 0 18
18 0 18
18 10 10
13 10 6
46 14 40
14 0 14
14 14 0
14 0 14
14 6 10
40 22 22
22 17 10
17 6 13
13 0 13
13 10 6
22 6 18
18 18 0
18 10 10
72 48 34
48 48 0
48 40 10
40 26 14
26 26 7
26 26 0
26 7 22
22 22 0
22 14 10
14 0 14
14 0 14
14 6 10
14 0 14
14 6 10
34 22 22
22 14 10
14 14 0
14 0 14
14 6 10
22 14 10
14 0 14
14 14 0
14 6 10
51 0 51
51 26 29
26 26 0
26 0 26
26 6 22
22 18 6
18 6 14
14 10 6
29 29 0
29 0 29
29 22 10
22 14 14
14 14 0
14 6 10
14 0 14
14 6 10
323 318 10
318 200 136
200 200 0
200 200 0
200 147 71
147 107 58
107 107 0
107 52 66
52 25 37
25 6 21
21 10 13
13 6 10
37 10 31
31 16 19
16 10 10
19 14 10
14 0 14
14 10 6
66 28 44
28 10 22
22 22 0
22 14 14
14 6 10
14 6 10
44 18 34
18 6 14
14 6 10
34 27 10
27 14 19
14 10 6
19 0 19
19 16 6
16 10 10
58 58 0
58 25 41
25 25 0
25 10 19
19 6 16
16 13 6
13 0 13
13 6 10
41 36 10
36 6 32
32 18 20
18 10 10
20 16 6
16 0 16
16 10 10
71 0 71
71 71 0
71 49 40
49 40 14
40 10 34
34 24 20
24 10 14
14 0 14
14 10 6
20 14 6
14 6 10
14 6 10
40 28 14
28 6 24
24 18 10
18 10 10
14 6 10
136 114 27
114 90 34
90 63 49
63 6 57
57 57 0
57 42 23
42 26 18
26 6 22
22 14 14
14 10 6
14 0 14
14 0 14
14 0 14
14 10 6
18 6 14
14 0 14
14 14 0
14 6 10
23 23 0
23 10 17
17 6 14
14 6 10
49 10 41
41 31 10
31 25 17
25 9 18
18 6 14
14 14 0
14 14 0
14 6 10
17 9 9
34 0 34
34 22 16
22 14 14
14 14 0
14 6 10
14 6 10
16 14 6
14 0 14
14 6 10
27 27 0
27 0 27
27 27 0
27 22 10
22 0 22
22 22 0
22 0 22
22 0 22
22 10 14
14 0 14
14 0 14
14 14 0
14 0 14
14 10 6
1330 431 911
431 169 293
169 114 72
114 114 0
114 43 81
43 26 22
26 26 0
26 14 18
14 10 6
18 14 6
14 14 0
14 0 14
14 10 6
22 22 0
22 13 13
13 6 10
13 10 6
81 64 27
64 64 0
64 38 42
38 30 10
30 26 6
26 0 26
26 18 10
18 0 18
18 6 14
14 6 10
42 30 14
30 18 14
18 0 18
18 0 18
18 0 18
18 18 0
18 0 18
18 10 10
14 0 14
14 10 6
14 14 0
14 14 0
14 10 6
27 27 0
27 13 17
13 6 10
17 14 6
14 14 0
14 6 10
72 72 0
72 46 40
46 25 23
25 25 0
25 14 14
14 0 14
14 14 0
14 8 8
14 10 8
23 23 0
23 0 23
23 14 11
14 14 0
14 8 8
11 11 0
11 8 5
40 22 22
22 22 0
22 14 14
14 6 10
14 10 6
22 22 0
22 14 14
14 10 6
14 10 6
293 172 166
172 127 51
127 99 37
99 57 62
57 44 17
44 38 10
38 6 34
34 22 14
22 22 0
22 0 22
22 6 18
18 10 10
14 6 10
17 0 17
17 14 6
14 10 6
62 62 0
62 35 39
35 26 14
26 26 0
26 6 22
22 10 14
14 6 10
14 14 0
14 6 10
39 10 34
34 22 14
22 22 0
22 14 10
14 0 14
14 0 14
14 0 14
14 6 10
14 0 14
14 14 0
14 10 6
37 14 30
14 0 14
14 14 0
14 0 14
14 6 10
30 6 26
26 14 17
14 14 0
14 10 6
17 6 14
14 6 10
51 10 46
46 22 34
22 14 10
14 14 0
14 0 14
14 6 10
34 22 16
22 0 22
22 14 14
14 6 10
14 6 10
16 10 10
166 137 32
137 77 64
77 59 31
59 59 0
59 17 46
17 12 10
12 12 0
12 6 6
46 30 30
30 26 6
26 10 18
18 0 18
18 0 18
18 14 6
14 14 0
14 10 6
30 30 0
30 10 22
22 0 22
22 6 18
18 0 18
18 18 0
18 10 10
31 31 0
31 10 25
25 22 6
22 22 0
22 6 18
18 0 18
18 10 10
64 43 38
43 25 22
25 25 0
25 14 18
14 0 14
14 10 6
18 0 18
18 10 10
22 6 18
18 0 18
18 10 10
38 22 18
22 18 0
18 18 0
18 6 14
14 10 6
18 0 18
18 18 0
18 10 10
32 0 32
32 22 18
22 14 10
14 0 14
14 0 14
14 6 10
18 10 10
911 694 265
694 192 515
192 10 185
185 98 119
98 69 33
69 69 0
69 38 50
38 30 10
30 30 0
30 0 30
30 23 7
23 7 18
18 0 18
18 18 0
18 18 0
18 0 18
18 10 10
50 42 10
42 42 0
42 0 42
42 35 7
35 7 30
30 0 30
30 14 18
14 14 0
14 14 0
14 10 6
18 18 0
18 18 0
18 10 10
33 33 0
33 18 23
18 10 10
23 10 17
17 14 6
14 6 10
119 84 52
84 84 0
84 54 55
54 43 11
43 43 0
43 0 43
43 14 31
14 10 6
31 7 26
26 26 0
26 14 14
14 14 0
14 6 10
14 14 0
14 14 0
14 14 0
14 10 6
11 11 0
11 11 0
11 7 6
55 10 47
47 47 0
47 42 9
42 35 7
35 7 30
30 0 30
30 14 18
14 14 0
14 6 10
18 18 0
18 18 0
18 18 0
18 10 10
52 52 0
52 21 39
21 13 10
13 13 0
13 6 10
39 29 13
29 29 0
29 6 25
25 25 0
25 13 14
13 7 6
14 0 14
14 14 0
14 14 0
14 0 14
14 14 0
14 10 6
13 13 0
13 6 10
515 0 515
515 465 71
465 151 361
151 64 87
64 45 29
45 14 37
14 0 14
14 6 10
37 0 37
37 22 20
22 10 16
16 0 16
16 10 10
20 10 14
14 0 14
14 10 6
29 13 19
13 0 13
13 6 10
19 0 19
19 14 10
14 6 10
87 77 19
77 0 77
77 30 57
30 19 14
19 0 19
19 0 19
19 10 13
13 6 10
14 0 14
14 0 14
14 10 6
57 30 35
30 28 5
28 16 16
16 10 10
16 10 10
35 20 24
20 14 10
14 10 6
24 10 14
14 10 6
19 0 19
19 0 19
19 19 0
19 0 19
19 13 10
13 13 0
13 6 10
361 155 244
155 125 47
125 64 65
64 0 64
64 27 43
27 27 0
27 0 27
27 10 20
20 16 6
16 10 10
43 22 25
22 0 22
22 17 10
17 6 13
13 10 6
25 0 25
25 18 14
18 10 10
14 6 10
65 0 65
65 31 38
31 0 31
31 0 31
31 13 22
13 10 6
22 17 10
17 6 14
14 6 10
38 26 20
26 0 26
26 21 10
21 10 14
14 6 10
20 0 20
20 10 14
14 10 6
47 29 22
29 0 29
29 22 16
22 14 10
14 10 6
16 6 10
22 0 22
22 16 10
16 10 10
244 180 102
180 92 94
92 63 29
63 18 48
18 18 0
18 18 0
18 10 10
48 29 26
29 10 24
24 14 13
14 10 6
13 6 10
26 18 14
18 18 0
18 10 10
14 0 14
14 10 6
29 11 20
11 11 0
11 0 11
11 5 8
20 11 11
11 0 11
11 11 0
11 5 8
11 0 11
11 5 8
94 65 29
65 26 45
26 0 26
26 18 14
18 10 10
14 6 10
45 25 25
25 18 14
18 18 0
18 10 10
14 0 14
14 6 10
25 6 22
22 14 14
14 10 6
14 10 6
29 14 17
14 0 14
14 0 14
14 8 8
17 14 5
14 0 14
14 11 5
11 5 8
102 58 54
58 14 51
14 14 0
14 6 10
51 51 0
51 31 28
31 16 19
16 10 10
19 14 10
14 10 6
28 16 16
16 0 16
16 10 10
16 10 10
54 10 48
48 48 0
48 28 28
28 16 16
16 6 14
14 10 6
16 10 10
28 16 16
16 14 6
14 6 10
16 13 6
13 6 10
71 36 41
36 36 0
36 24 21
24 14 14
14 10 6
14 6 10
21 13 10
13 13 0
13 10 6
41 41 0
41 25 22
25 16 13
16 0 16
16 10 10
13 0 13
13 6 10
22 16 10
16 16 0
16 10 10
265 134 166
134 52 88
52 43 17
43 32 16
32 25 10
25 10 20
20 10 14
14 6 10
16 0 16
16 0 16
16 10 10
17 0 17
17 17 0
17 14 6
14 14 0
14 6 10
88 88 0
88 22 76
22 22 0
22 22 0
22 0 22
22 22 0
22 22 0
22 0 22
22 10 14
14 14 0
14 0 14
14 14 0
14 10 6
76 76 0
76 66 22
66 43 34
43 43 0
43 14 33
14 0 14
14 6 10
33 6 29
29 9 22
22 22 0
22 14 10
14 14 0
14 6 10
34 34 0
34 7 30
30 0 30
30 14 18
14 7 7
18 0 18
18 18 0
18 18 0
18 0 18
18 0 18
18 10 10
22 0 22
22 22 0
22 22 0
22 6 18
18 6 14
14 14 0
14 14 0
14 14 0
14 10 6
166 43 129
43 6 41
41 29 22
29 19 14
19 14 10
14 10 6
14 14 0
14 6 10
22 14 10
14 6 10
129 127 0
127 88 65
88 88 0
88 21 72
21 11 13
11 11 0
11 6 7
13 13 0
13 6 10
72 43 50
43 43 0
43 31 14
31 0 31
31 7 26
26 6 22
22 22 0
22 22 0
22 14 10
14 0 14
14 6 10
14 0 14
14 10 6
50 50 0
50 25 29
25 0 25
25 13 14
13 7 6
14 0 14
14 0 14
14 14 0
14 0 14
14 14 0
14 10 6
29 0 29
29 13 18
13 3 10
18 14 6
14 6 10
65 65 0
65 19 50
19 13 10
13 13 0
13 10 6
50 46 7
46 46 0
46 7 39
39 0 39
39 13 30
13 7 6
30 22 10
22 0 22
22 22 0
22 18 6
18 0 18
18 10 10
2820 1407 1407
1407 1000 446
1000 470 547
470 269 246
269 191 117
191 151 46
151 60 99
60 45 28
45 25 24
25 0 25
25 18 14
18 0 18
18 10 10
14 0 14
14 6 10
24 21 6
21 18 6
18 10 10
28 6 24
24 13 14
13 10 6
14 0 14
14 10 6
99 57 62
57 57 0
57 43 16
43 26 30
26 26 0
26 22 6
22 22 0
22 6 18
18 18 0
18 18 0
18 10 10
30 26 6
26 18 10
18 18 0
18 0 18
18 6 14
14 0 14
14 10 6
16 10 10
62 62 0
62 41 33
41 34 14
34 22 14
22 0 22
22 22 0
22 6 18
18 18 0
18 0 18
18 10 10
14 14 0
14 6 10
14 0 14
14 0 14
14 0 14
14 10 6
33 12 26
12 12 0
12 6 6
26 26 0
26 22 6
22 22 0
22 6 18
18 18 0
18 0 18
18 10 10
46 46 0
46 27 29
27 14 16
14 14 0
14 14 0
14 6 10
16 16 0
16 10 10
29 22 10
22 22 0
22 14 14
14 6 10
14 6 10
117 77 46
77 14 70
14 14 0
14 0 14
14 0 14
14 14 0
14 6 10
70 62 18
62 45 21
45 6 41
41 34 10
34 22 14
22 0 22
22 22 0
22 6 18
18 10 10
14 10 6
21 21 0
21 6 18
18 10 10
18 0 18
18 0 18
18 18 0
18 10 10
46 22 34
22 22 0
22 14 10
14 0 14
14 14 0
14 6 10
34 22 22
22 14 10
14 14 0
14 0 14
14 6 10
22 14 10
14 0 14
14 14 0
14 6 10
246 76 185
76 76 0
76 46 38
46 22 30
22 22 0
22 14 14
14 6 10
14 14 0
14 14 0
14 10 6
30 30 0
30 17 16
17 10 10
16 10 10
38 25 22
25 25 0
25 14 14
14 8 10
14 14 0
14 14 0
14 8 8
22 22 0
22 13 13
13 6 10
13 10 6
185 150 38
150 94 80
94 60 42
60 60 0
60 42 34
42 26 18
26 26 0
26 14 14
14 0 14
14 0 14
14 0 14
14 0 14
14 10 6
14 10 6
18 6 14
14 14 0
14 10 6
34 6 30
30 26 6
26 26 0
26 14 14
14 10 6
14 0 14
14 14 0
14 14 0
14 6 10
42 22 24
22 10 17
17 13 6
13 0 13
13 6 10
24 18 10
18 6 14
14 6 10
80 34 56
34 34 0
34 26 14
26 10 18
18 18 0
18 18 0
18 6 14
14 6 10
14 6 10
56 45 13
45 28 22
28 20 10
20 10 13
13 6 10
22 22 0
22 22 0
22 22 0
22 22 0
22 6 18
18 18 0
18 6 14
14 6 10
13 11 3
11 0 11
11 6 5
38 25 13
25 0 25
25 14 13
14 14 0
14 0 14
14 6 10
13 10 6
13 0 13
13 7 7
547 214 381
214 182 51
182 53 137
53 40 24
40 32 14
32 22 14
22 14 14
14 10 6
14 6 10
14 0 14
14 10 6
14 14 0
14 0 14
14 6 10
24 6 20
20 6 16
16 16 0
16 10 10
137 0 137
137 86 75
86 86 0
86 65 21
65 43 43
43 43 0
43 29 18
29 29 0
29 13 18
13 10 3
18 6 14
14 14 0
14 14 0
14 6 10
18 18 0
18 6 14
14 14 0
14 14 0
14 14 0
14 14 0
14 14 0
14 10 6
43 43 0
43 14 31
14 14 0
14 10 6
31 31 0
31 7 26
26 22 6
22 22 0
22 22 0
22 10 14
14 6 10
21 15 11
15 15 0
15 11 6
11 0 11
11 7 6
11 11 0
11 7 6
75 75 0
75 22 65
22 22 0
22 22 0
22 0 22
22 22 0
22 10 14
14 0 14
14 10 6
65 33 44
33 33 0
33 23 13
23 23 0
23 7 18
18 18 0
18 18 0
18 18 0
18 18 0
18 14 6
14 10 6
13 0 13
13 7 6
44 44 0
44 33 18
33 33 0
33 13 22
13 10 3
22 0 22
22 22 0
22 22 0
22 10 14
14 14 0
14 0 14
14 6 10
18 12 6
12 6 6
51 35 18
35 0 35
35 30 10
30 22 10
22 16 10
16 10 10
18 0 18
18 18 0
18 18 0
18 0 18
18 18 0
18 18 0
18 0 18
18 18 0
18 10 10
381 218 184
218 0 218
218 85 150
85 33 57
33 33 0
33 21 20
21 10 13
13 13 0
13 6 10
20 13 10
13 6 10
57 57 0
57 44 21
44 13 34
13 13 0
13 10 6
34 34 0
34 30 6
30 6 26
26 10 18
18 18 0
18 0 18
18 18 0
18 18 0
18 14 6
14 10 6
21 10 13
13 13 0
13 10 6
150 127 31
127 59 68
59 33 36
33 19 17
19 0 19
19 10 14
14 10 6
17 0 17
17 10 12
12 6 6
36 28 14
28 0 28
28 16 16
16 13 6
13 6 10
16 10 10
14 0 14
14 10 6
68 10 65
65 65 0
65 18 55
18 10 10
55 35 28
35 32 10
32 17 17
17 13 6
13 10 6
17 12 10
12 6 6
28 16 20
16 6 10
20 14 10
14 6 10
31 31 0
31 20 18
20 14 10
14 14 0
14 10 6
18 14 6
14 6 10
184 52 140
52 40 22
40 13 31
13 0 13
13 10 6
31 22 13
22 14 14
14 10 6
14 0 14
14 6 10
13 6 10
22 0 22
22 14 10
14 14 0
14 0 14
14 6 10
140 79 88
79 79 0
79 79 0
79 50 54
50 50 0
50 50 0
50 10 42
42 21 25
21 13 10
13 6 7
25 3 22
22 22 0
22 18 6
18 18 0
18 6 14
14 10 6
54 11 43
11 11 0
11 0 11
11 6 7
43 43 0
43 43 0
43 39 6
39 13 30
13 0 13
13 7 6
30 0 30
30 22 10
22 22 0
22 6 18
18 14 6
14 10 6
88 77 17
77 77 0
77 54 46
54 14 42
14 14 0
14 10 6
42 42 0
42 42 0
42 21 25
21 9 14
14 14 0
14 0 14
14 14 0
14 0 14
14 0 14
14 10 6
25 9 18
18 18 0
18 14 6
14 14 0
14 0 14
14 6 10
46 10 38
38 38 0
38 38 0
38 7 31
31 7 26
26 26 0
26 14 14
14 14 0
14 14 0
14 0 14
14 10 6
14 14 0
14 14 0
14 6 10
17 17 0
17 6 14
14 14 0
14 14 0
14 14 0
14 14 0
14 10 6
446 147 317
147 0 147
147 143 10
143 30 122
30 10 24
24 24 0
24 0 24
24 20 6
20 14 6
14 6 10
122 18 113
18 18 0
18 14 6
14 0 14
14 14 0
14 6 10
113 64 66
64 35 35
35 35 0
35 28 12
28 12 20
12 6 6
20 10 10
12 6 6
35 29 10
29 20 14
20 16 6
16 6 12
12 6 6
14 10 6
66 25 49
25 19 10
19 14 10
14 10 6
49 37 16
37 25 19
25 10 17
17 6 14
14 10 6
19 6 16
16 6 13
13 6 10
16 6 10
317 0 317
317 63 273
63 63 0
63 0 63
63 0 63
63 41 30
41 22 25
22 6 19
19 14 10
14 0 14
14 10 6
25 16 14
16 13 6
13 13 0
13 0 13
13 10 6
14 0 14
14 10 6
30 0 30
30 0 30
30 21 14
21 17 6
17 6 14
14 10 6
14 6 10
273 70 219
70 0 70
70 68 6
68 28 49
28 6 26
26 26 0
26 14 18
14 10 6
18 14 6
14 6 10
49 6 46
46 26 28
26 14 14
14 14 0
14 10 6
14 14 0
14 10 6
28 14 18
14 10 6
18 18 0
18 10 10
219 0 219
219 111 133
111 111 0
111 0 111
111 37 92
37 37 0
37 6 33
33 6 31
31 31 0
31 20 13
20 16 10
16 6 10
13 0 13
13 3 10
92 92 0
92 40 59
40 20 32
20 20 0
20 0 20
20 6 16
16 6 10
32 32 0
32 0 26
26 16 14
16 0 16
16 6 10
14 0 14
14 10 6
59 45 24
45 45 0
45 34 22
34 17 23
17 3 16
16 10 6
23 3 22
22 12 14
12 6 6
14 14 0
14 0 14
14 10 6
22 22 0
22 0 22
22 22 0
22 20 6
20 6 16
16 10 6
24 24 0
24 24 0
24 19 13
19 3 18
18 18 0
18 6 16
16 6 10
13 3 10
133 133 0
133 0 133
133 82 74
82 82 0
82 59 29
59 41 34
41 26 20
26 0 26
26 10 18
18 6 12
12 6 6
20 0 20
20 10 14
14 14 0
14 6 10
34 22 14
22 0 22
22 16 12
16 6 10
12 0 12
12 6 6
14 0 14
14 0 14
14 14 0
14 0 14
14 6 10
29 14 20
14 14 0
14 14 0
14 7 11
11 3 10
20 20 0
20 19 3
19 11 14
11 3 10
14 0 14
14 10 6
74 74 0
74 18 66
18 18 0
18 10 10
66 40 39
40 31 13
31 24 10
24 16 10
16 10 6
13 13 0
13 6 10
39 10 31
31 18 22
18 18 0
18 18 0
18 14 6
14 6 10
22 6 18
18 18 0
18 18 0
18 12 10
12 12 0
12 12 0
12 6 6
1407 1000 446
1000 467 549
467 248 271
248 75 184
75 75 0
75 40 49
40 25 22
25 25 0
25 14 16
14 14 0
14 14 0
14 8 8
16 8 10
22 22 0
22 14 14
14 10 6
14 6 10
49 22 30
22 22 0
22 14 14
14 14 0
14 14 0
14 6 10
14 6 10
30 30 0
30 18 18
18 10 10
18 10 10
184 148 39
148 81 95
81 33 56
33 33 0
33 14 26
14 6 10
26 10 18
18 18 0
18 0 18
18 6 14
14 6 10
56 45 13
45 22 30
22 22 0
22 22 0
22 0 22
22 22 0
22 6 18
18 0 18
18 6 14
14 6 10
30 22 10
22 10 14
14 10 6
13 3 11
11 0 11
11 6 5
95 59 41
59 59 0
59 34 42
34 6 30
30 26 6
26 0 26
26 14 14
14 10 6
14 0 14
14 0 14
14 14 0
14 6 10
42 26 18
26 26 0
26 14 14
14 10 6
14 0 14
14 0 14
14 14 0
14 0 14
14 10 6
18 6 14
14 0 14
14 10 6
41 22 23
22 18 10
18 14 6
14 0 14
14 10 6
23 10 18
18 6 14
14 6 10
39 13 26
13 0 13
13 7 7
26 0 26
26 14 14
14 0 14
14 0 14
14 6 10
14 6 10
271 190 117
190 150 46
150 101 62
101 56 61
56 56 0
56 16 44
16 10 10
44 26 30
26 26 0
26 6 22
22 22 0
22 6 18
18 0 18
18 18 0
18 10 10
30 26 6
26 10 18
18 18 0
18 0 18
18 14 6
14 0 14
14 10 6
61 61 0
61 33 42
33 10 26
26 26 0
26 6 22
22 22 0
22 6 18
18 0 18
18 0 18
18 10 10
42 34 14
34 22 14
22 22 0
22 22 0
22 6 18
18 0 18
18 0 18
18 10 10
14 0 14
14 6 10
14 0 14
14 14 0
14 0 14
14 10 6
62 45 27
45 26 23
26 26 0
26 18 14
18 0 18
18 10 10
14 0 14
14 10 6
23 6 21
21 18 6
18 10 10
27 6 23
23 14 14
14 0 14
14 10 6
14 10 6
46 0 46
46 28 30
28 14 16
14 0 14
14 14 0
14 6 10
16 0 16
16 10 10
30 22 10
22 0 22
22 14 14
14 6 10
14 6 10
117 77 46
77 71 14
71 62 18
62 45 22
45 42 6
42 34 10
34 22 14
22 22 0
22 22 0
22 6 18
18 10 10
14 6 10
22 0 22
22 6 18
18 10 10
18 0 18
18 18 0
18 18 0
18 10 10
14 14 0
14 0 14
14 14 0
14 14 0
14 6 10
46 34 22
34 22 22
22 14 10
14 0 14
14 0 14
14 6 10
22 14 10
14 14 0
14 14 0
14 6 10
22 22 0
22 14 10
14 14 0
14 14 0
14 6 10
549 378 210
378 220 185
220 0 220
220 148 82
148 128 31
128 61 67
61 35 31
35 28 14
28 0 28
28 16 16
16 10 10
16 14 6
14 6 10
14 0 14
14 6 10
31 20 17
20 0 20
20 13 10
13 10 6
17 0 17
17 10 10
67 64 10
64 64 0
64 18 55
18 10 10
55 28 35
28 16 19
16 6 10
19 13 10
13 10 6
35 32 10
32 17 17
17 6 14
14 10 6
17 10 10
31 31 0
31 17 19
17 13 6
13 6 10
19 14 10
14 14 0
14 6 10
82 34 58
34 34 0
34 19 20
19 14 10
14 6 10
20 10 14
14 14 0
14 10 6
58 58 0
58 20 43
20 10 14
14 14 0
14 6 10
43 14 34
14 14 0
14 6 10
34 34 0
34 6 30
30 6 26
26 10 18
18 0 18
18 0 18
18 18 0
18 0 18
18 14 6
14 10 6
185 51 142
51 22 39
22 0 22
22 14 10
14 0 14
14 0 14
14 6 10
39 14 32
14 0 14
14 6 10
32 22 14
22 14 14
14 0 14
14 6 10
14 10 6
14 10 6
142 88 80
88 78 18
78 78 0
78 46 54
46 10 38
38 38 0
38 0 38
38 7 31
31 7 26
26 0 26
26 14 14
14 14 0
14 0 14
14 0 14
14 10 6
14 14 0
14 0 14
14 6 10
54 14 42
14 14 0
14 6 10
42 42 0
42 0 42
42 21 25
21 9 14
14 0 14
14 0 14
14 14 0
14 14 0
14 0 14
14 10 6
25 9 18
18 0 18
18 14 6
14 14 0
14 14 0
14 6 10
18 18 0
18 14 6
14 14 0
14 14 0
14 0 14
14 14 0
14 10 6
80 80 0
80 80 0
80 54 50
54 11 43
11 11 0
11 11 0
11 6 7
43 43 0
43 0 43
43 39 6
39 13 30
13 13 0
13 7 6
30 30 0
30 22 10
22 22 0
22 18 6
18 14 6
14 10 6
50 50 0
50 50 0
50 42 10
42 21 25
21 13 10
13 7 6
25 3 22
22 0 22
22 18 6
18 18 0
18 14 6
14 10 6
210 181 51
181 54 135
54 22 38
22 6 19
19 6 16
16 0 16
16 10 10
38 31 14
31 22 13
22 13 13
13 6 10
13 10 6
13 13 0
13 10 6
14 14 0
14 14 0
14 6 10
135 135 0
135 85 75
85 85 0
85 20 65
20 15 11
15 15 0
15 6 11
11 0 11
11 7 6
11 11 0
11 6 7
65 43 43
43 43 0
43 18 29
18 18 0
18 6 14
14 0 14
14 14 0
14 14 0
14 0 14
14 14 0
14 10 6
29 29 0
29 13 18
13 3 10
18 14 6
14 14 0
14 14 0
14 10 6
43 43 0
43 31 14
31 31 0
31 7 26
26 6 22
22 22 0
22 22 0
22 14 10
14 6 10
14 14 0
14 10 6
75 75 0
75 64 22
64 33 44
33 33 0
33 13 23
13 0 13
13 7 6
23 23 0
23 7 18
18 0 18
18 18 0
18 18 0
18 0 18
18 14 6
14 10 6
44 44 0
44 18 33
18 12 6
12 6 6
33 33 0
33 13 22
13 3 10
22 22 0
22 22 0
22 22 0
22 14 10
14 14 0
14 0 14
14 10 6
22 22 0
22 22 0
22 22 0
22 22 0
22 10 14
14 14 0
14 10 6
51 35 18
35 35 0
35 31 10
31 24 10
24 10 16
16 10 10
18 18 0
18 18 0
18 18 0
18 18 0
18 18 0
18 18 0
18 18 0
18 18 0
18 10 10
446 149 319
149 149 0
149 144 10
144 29 125
29 24 10
24 24 0
24 0 24
24 6 20
20 14 6
14 6 10
125 115 18
115 63 66
63 35 36
35 0 35
35 28 12
28 12 20
12 6 6
20 10 10
12 6 6
36 10 30
30 20 14
20 16 6
16 12 6
12 6 6
14 10 6
66 26 51
26 10 20
20 14 10
14 10 6
51 16 40
16 6 10
40 25 20
25 10 18
18 16 6
16 10 6
20 6 18
18 14 6
14 6 10
18 18 0
18 14 6
14 14 0
14 14 0
14 6 10
319 319 0
319 61 269
61 61 0
61 61 0
61 0 61
61 42 28
42 26 24
26 16 14
16 14 6
14 0 14
14 0 14
14 10 6
14 0 14
14 6 10
24 6 20
20 14 10
14 14 0
14 10 6
28 28 0
28 0 28
28 21 13
21 6 17
17 6 13
13 10 6
13 10 6
269 67 219
67 67 0
67 64 6
64 28 47
28 25 6
25 25 0
25 14 18
14 6 10
18 6 14
14 6 10
47 44 6
44 24 26
24 14 14
14 0 14
14 10 6
14 0 14
14 10 6
26 14 18
14 6 10
18 0 18
18 10 10
219 219 0
219 111 133
111 111 0
111 111 0
111 35 90
35 35 0
35 32 6
32 6 29
29 29 0
29 13 19
13 0 13
13 3 10
19 14 10
14 6 10
90 90 0
90 62 37
62 46 27
46 46 0
46 22 35
22 22 0
22 0 22
22 0 22
22 20 6
20 6 16
16 6 10
35 17 25
17 3 16
16 6 10
25 3 24
24 14 12
14 14 0
14 0 14
14 6 10
12 6 6
27 27 0
27 0 27
27 21 13
21 3 20
20 0 20
20 6 16
16 6 10
13 3 10
37 18 28
18 18 0
18 18 0
18 6 16
16 6 10
28 28 0
28 24 0
24 16 14
16 0 16
16 10 6
14 0 14
14 6 10
133 133 0
133 133 0
133 84 75
84 84 0
84 32 56
32 17 25
17 17 0
17 0 17
17 9 15
15 3 12
12 0 12
12 6 6
25 25 0
25 3 23
23 15 18
15 3 12
12 0 12
12 6 6
18 0 18
18 6 12
12 6 6
56 39 32
39 24 19
24 24 0
24 10 18
18 6 12
12 6 6
19 19 0
19 10 14
14 14 0
14 10 6
32 20 14
20 20 0
20 14 12
14 6 10
12 0 12
12 6 6
14 14 0
14 0 14
14 14 0
14 14 0
14 6 10
75 75 0
75 67 18
67 43 39
43 31 14
31 10 23
23 16 10
16 10 6
14 0 14
14 6 12
12 12 0
12 6 6
39 10 32
32 22 18
22 6 18
18 18 0
18 0 18
18 12 10
12 12 0
12 0 12
12 6 6
18 18 0
18 18 0
18 6 14
14 6 10
18 18 0
18 10 10
Calling A4_Render(
	SceneNode:[name:scene, id:0]
	Image(width:300, height:300)
	eye:  vec3(0.000000, 3.000000, 0.000000)
	view: vec3(0.000000, 3.000000, 2.000000)
	up:   vec3(0.000000, 1.000000, 0.000000)
	fovy: 50
	ambient: vec3(0.300000, 0.300000, 0.300000)
	lights{
		L[vec3(0.900000, 0.900000, 0.900000), vec3(0.000000, 4.500000, 0.000000), 1, 0, 0]
	}
)
